200
26 144
98 144
76 145
72 145
97 147
39 148
100 149
57 149
67 152
74 152
62 152
33 153
2 154
10 154
21 155
76 157
30 157
23 157
86 158
70 158
91 160
67 160
100 161
24 161
4 162
32 163
61 163
30 163
22 163
43 163
40 165
56 165
16 165
7 166
34 167
32 167
64 167
8 169
32 170
41 171
2 172
16 173
39 173
90 173
61 174
30 174
75 175
100 176
19 176
42 176
85 176
14 179
69 179
3 180
97 180
75 182
50 182
72 183
36 184
31 186
52 187
27 187
39 188
53 189
17 189
22 190
79 190
7 192
64 193
87 194
94 194
82 195
28 195
11 196
1 196
95 197
18 197
69 198
31 200
46 201
14 203
3 204
41 206
23 207
50 208
59 210
78 212
96 212
74 214
58 214
75 216
7 217
10 217
19 218
9 219
7 219
32 219
91 219
3 220
32 220
64 220
8 221
33 222
84 223
24 223
18 224
52 224
69 228
91 229
55 230
85 231
27 232
53 232
22 233
81 233
12 234
63 234
95 236
75 237
15 237
5 239
53 239
95 240
37 240
87 243
66 243
35 244
55 245
96 246
23 246
69 247
46 248
90 249
66 249
47 250
91 251
8 251
35 252
60 253
98 254
23 256
25 257
45 257
21 258
31 258
91 259
24 260
93 260
40 261
38 261
72 261
43 262
42 264
20 265
78 266
49 266
67 266
15 267
71 267
19 267
100 267
29 267
41 268
38 269
6 269
64 269
34 269
74 272
8 273
60 273
93 274
44 276
38 277
66 277
84 277
93 281
30 281
30 282
81 284
44 285
12 285
6 287
85 288
1 289
21 290
55 291
47 291
67 291
39 292
28 293
95 293
91 293
65 293
32 294
54 295
17 295
81 296
13 296
72 300
3 300
