200
13 152
36 152
76 152
96 152
100 153
100 154
34 156
65 156
56 156
38 158
63 160
18 161
7 161
72 161
30 161
78 162
89 162
43 164
87 166
79 168
13 169
17 170
79 170
39 171
47 171
48 171
33 171
19 171
10 174
96 175
27 176
53 177
96 178
40 179
20 179
19 180
66 181
2 181
76 181
22 182
100 182
68 182
15 182
30 183
60 183
1 185
67 187
45 189
92 190
86 190
43 190
93 193
17 194
46 195
51 196
40 197
40 198
94 198
12 199
45 200
37 202
25 202
12 202
3 205
50 206
62 207
15 209
31 209
41 209
38 209
9 212
23 212
34 213
63 213
72 213
49 216
81 216
4 218
24 218
49 219
51 221
79 223
71 223
77 224
34 224
23 225
4 225
50 225
60 227
77 228
66 228
9 229
33 230
100 231
100 231
9 232
42 232
12 233
66 233
66 235
89 238
88 239
21 241
25 242
90 244
50 245
14 245
23 246
87 246
5 248
58 248
98 249
39 249
12 251
9 251
8 253
80 255
17 255
77 257
19 257
40 258
95 259
19 259
12 260
55 260
15 261
58 267
1 268
50 268
22 270
68 270
61 271
35 274
93 274
39 276
75 282
63 286
80 287
16 289
72 289
55 291
77 291
5 293
56 296
95 299
30 300
81 301
48 302
47 302
24 302
72 302
93 304
89 305
48 305
99 307
19 308
27 310
56 311
60 313
14 313
56 315
68 317
21 318
14 320
65 321
60 322
73 324
90 326
55 326
46 327
55 328
83 329
68 330
66 331
35 331
80 331
70 332
57 333
97 333
52 334
39 335
40 338
16 339
9 340
90 341
45 341
76 342
82 342
9 344
48 344
57 344
55 344
18 346
23 346
87 351
45 352
1 355
65 357
39 358
9 359
