200
21 152
77 153
92 154
14 155
94 155
74 157
74 158
36 160
99 161
73 161
32 162
5 162
53 163
23 164
75 164
86 164
84 167
6 169
64 170
83 171
12 171
57 172
6 172
84 173
11 174
18 175
22 176
81 177
35 179
6 179
6 180
75 181
2 183
48 184
28 184
97 184
8 189
11 190
85 191
95 195
5 197
90 199
4 200
1 201
8 201
61 201
99 201
54 202
51 202
23 204
59 206
43 206
22 207
25 207
34 207
78 210
94 210
8 212
45 213
53 214
57 214
6 215
58 216
92 216
11 219
68 219
60 219
11 220
96 221
22 221
28 223
91 224
65 227
76 229
2 230
93 232
13 232
83 234
86 236
93 237
66 237
98 238
1 240
15 241
90 243
83 243
37 244
39 245
44 246
4 246
89 247
34 247
74 249
73 250
29 250
8 251
3 252
100 253
35 255
32 257
63 257
36 258
61 259
100 259
65 260
38 263
74 264
92 265
33 266
95 266
12 267
79 268
10 270
18 270
1 271
75 271
60 271
51 273
16 275
75 276
28 276
74 276
55 278
34 279
38 282
8 283
46 283
85 284
84 285
51 288
23 288
32 288
16 290
71 290
72 292
60 293
17 293
12 293
37 294
34 295
83 296
34 297
23 298
47 298
25 299
98 301
37 302
56 303
23 303
39 309
65 311
93 312
64 312
17 313
98 314
76 315
70 315
58 316
71 317
89 319
15 319
31 321
27 323
93 324
75 324
65 325
59 326
26 327
41 327
52 327
78 328
87 328
35 329
49 330
69 333
1 333
22 334
46 334
68 336
11 337
73 337
41 337
3 338
69 340
95 341
77 341
60 341
20 341
88 342
65 342
17 347
38 348
27 348
61 350
60 351
100 353
13 356
61 357
44 358
50 359
