200
19 151
80 152
91 153
95 154
15 154
77 156
77 157
75 160
99 160
36 160
31 161
5 161
55 162
25 163
88 163
78 163
85 166
64 169
6 169
13 170
84 170
57 171
86 172
6 172
12 173
18 174
21 175
84 176
6 178
35 178
6 179
78 181
3 182
30 183
96 183
50 184
11 188
12 189
87 190
95 194
5 196
90 198
5 199
98 200
56 201
63 201
3 201
54 201
8 201
24 203
58 205
44 205
20 206
32 207
27 207
82 209
94 209
10 212
57 213
47 213
7 214
55 214
91 215
58 216
62 218
70 218
13 219
12 219
22 220
95 221
90 223
29 223
67 227
79 228
3 229
15 231
93 231
85 233
89 235
93 237
97 237
67 237
3 239
15 240
90 242
85 243
37 244
46 245
42 245
4 246
32 246
90 247
77 248
31 249
75 249
9 250
4 251
99 252
35 255
64 256
31 256
35 258
64 258
99 258
67 259
38 262
76 264
91 265
95 265
31 266
14 267
83 268
11 269
19 269
2 271
78 271
59 271
52 273
76 275
16 275
78 275
29 276
57 277
33 279
40 282
9 282
48 283
86 284
87 284
31 288
24 288
53 288
72 289
15 290
16 292
75 292
61 293
14 293
37 294
32 295
85 296
50 297
33 297
26 297
26 299
98 300
57 302
36 302
24 302
43 308
66 311
65 311
93 312
17 313
98 314
79 314
71 315
58 315
72 317
15 318
90 319
31 321
29 323
94 324
79 324
67 324
59 326
89 327
44 327
27 327
55 327
82 328
35 329
51 330
71 333
3 333
22 334
49 334
69 335
76 337
12 337
43 337
4 338
95 340
70 340
61 341
19 341
80 341
65 342
90 342
16 347
40 348
28 348
63 350
62 351
99 353
14 356
63 357
45 358
51 359
