200
23 152
75 153
88 154
18 155
90 155
72 157
72 158
39 160
97 161
70 161
34 162
7 162
51 163
29 164
72 164
82 164
80 167
9 169
62 170
77 171
16 171
53 172
8 172
80 173
15 174
22 175
25 176
77 177
37 179
9 179
9 180
73 181
3 183
48 184
33 184
96 184
13 189
13 190
81 191
90 195
8 197
86 199
7 200
1 201
10 201
60 201
97 201
52 202
51 202
28 204
55 206
43 206
24 207
31 207
36 207
76 210
89 210
13 212
46 213
52 214
54 214
10 215
54 216
88 216
15 219
66 219
58 219
15 220
93 221
26 221
32 223
86 224
63 227
74 229
4 230
89 232
17 232
78 234
83 236
89 237
65 237
96 238
1 240
19 241
86 243
79 243
39 244
41 245
44 246
7 246
85 247
35 247
72 249
70 250
33 250
12 251
5 252
98 253
39 255
34 257
62 257
39 258
60 259
100 259
63 260
40 263
71 264
87 265
34 266
92 266
17 267
76 268
13 270
22 270
1 271
72 271
57 271
50 273
19 275
73 276
33 276
70 276
53 278
36 279
40 282
12 283
47 283
81 284
81 285
50 288
29 288
34 288
19 290
69 290
70 292
58 293
20 293
16 293
40 294
35 295
79 296
36 297
29 298
47 298
30 299
96 301
39 302
53 303
29 303
42 309
63 311
89 312
62 312
20 313
96 314
75 315
68 315
55 316
69 317
85 319
18 319
33 321
32 323
89 324
74 324
65 325
57 326
32 327
43 327
51 327
76 328
85 328
38 329
48 330
68 333
3 333
27 334
47 334
66 336
13 337
70 337
42 337
4 338
67 340
93 341
75 341
57 341
23 341
85 342
62 342
20 347
40 348
32 348
59 350
58 351
100 353
17 356
59 357
43 358
49 359
