200
15 152
40 152
83 152
98 152
99 153
99 154
38 156
72 156
64 156
40 158
72 160
19 161
4 161
79 161
32 161
86 162
91 162
46 164
90 166
87 168
15 169
19 170
87 170
40 171
50 171
54 171
38 171
22 171
10 174
97 175
30 176
59 177
97 178
43 179
23 179
21 180
74 181
2 181
82 181
24 182
100 182
77 182
16 182
32 183
69 183
2 185
76 187
47 189
94 190
90 190
46 190
95 193
19 194
48 195
58 196
44 197
44 198
95 198
13 199
46 200
40 202
30 202
12 202
3 205
56 206
71 207
16 209
36 209
45 209
40 209
7 212
25 212
38 213
72 213
79 213
55 216
89 216
4 218
29 218
56 219
58 221
87 223
78 223
86 224
38 224
24 225
4 225
57 225
70 227
85 228
74 228
9 229
36 230
100 231
100 231
8 232
45 232
10 233
76 233
74 235
91 238
91 239
23 241
30 242
93 244
57 245
16 245
28 246
90 246
4 248
67 248
99 249
41 249
13 251
9 251
4 253
87 255
19 255
83 257
23 257
45 258
95 259
23 259
13 260
60 260
16 261
67 267
2 268
57 268
24 270
77 270
70 271
38 274
94 274
41 276
81 282
72 286
87 287
17 289
80 289
59 291
86 291
4 293
63 296
95 299
35 300
89 301
51 302
51 302
29 302
80 302
94 304
91 305
53 305
99 307
22 308
30 310
61 311
67 313
16 313
62 315
78 317
23 318
16 320
73 321
69 322
81 324
92 326
60 326
49 327
60 328
90 329
76 330
75 331
39 331
88 331
78 332
64 333
98 333
59 334
42 335
43 338
17 339
8 340
92 341
47 341
82 342
89 342
7 344
53 344
65 344
60 344
20 346
24 346
91 351
46 352
1 355
74 357
42 358
5 359
