200
19 170
82 172
93 173
15 174
97 174
76 177
75 178
99 182
41 182
31 183
73 183
7 184
53 185
23 186
89 186
77 187
86 190
8 194
65 195
13 195
84 196
55 197
7 198
87 199
12 200
17 201
20 202
84 204
39 206
8 206
8 208
78 210
3 211
98 213
28 213
48 214
11 219
12 221
88 223
97 228
7 231
91 233
6 235
99 236
9 236
54 237
1 237
63 237
52 237
23 240
57 243
45 243
20 243
24 244
34 245
82 248
95 248
10 251
55 253
46 253
53 254
8 255
92 256
55 257
70 260
61 260
12 261
12 261
98 263
21 263
27 266
91 267
68 271
81 274
3 275
93 277
14 277
84 280
89 283
94 285
69 285
98 285
1 288
15 289
90 292
85 293
42 294
43 295
46 297
5 297
90 298
33 298
76 300
28 301
72 302
10 303
4 304
100 306
40 309
29 311
64 311
100 313
40 313
64 314
68 315
42 319
74 321
92 322
97 323
32 324
13 325
83 327
18 328
11 329
1 330
57 330
78 331
52 333
16 336
79 336
27 337
74 337
54 339
36 341
43 345
9 346
47 347
88 348
89 348
52 353
23 353
30 353
71 355
15 356
16 359
71 359
60 360
13 360
42 362
32 363
84 364
35 366
23 366
48 366
23 368
98 370
41 372
55 373
23 373
43 381
68 384
94 385
66 385
17 387
99 388
82 389
56 390
70 390
70 392
15 394
90 395
29 397
24 401
95 402
80 402
69 402
57 404
52 405
83 406
24 406
44 406
89 406
39 409
48 410
70 414
1 414
21 415
47 415
70 417
44 418
11 419
74 419
4 420
70 423
97 424
82 424
59 424
67 425
19 425
90 426
42 433
17 433
24 434
63 437
62 438
100 440
14 445
62 446
45 448
50 449
