200
20 170
77 172
91 173
15 174
95 174
72 177
71 178
99 182
37 182
34 183
69 183
4 184
49 185
25 186
86 186
73 187
82 190
5 194
62 195
13 195
80 196
51 197
5 198
83 199
13 200
17 201
21 202
80 204
36 206
5 206
5 208
73 210
2 211
98 213
31 213
44 214
8 219
12 221
84 223
96 228
4 231
90 233
4 235
99 236
6 236
50 237
1 237
59 237
48 237
23 240
52 243
40 243
20 243
27 244
35 245
77 248
95 248
8 251
52 253
42 253
49 254
6 255
91 256
52 257
65 260
57 260
13 261
13 261
97 263
21 263
29 266
90 267
64 271
77 274
3 275
92 277
14 277
80 280
86 283
93 285
65 285
98 285
2 288
16 289
90 292
82 293
37 294
39 295
42 297
4 297
87 298
35 298
73 300
32 301
68 302
7 303
4 304
100 306
37 309
33 311
61 311
100 313
37 313
60 314
63 315
37 319
71 321
91 322
96 323
34 324
13 325
79 327
18 328
9 329
1 330
53 330
73 331
47 333
16 336
74 336
31 337
71 337
50 339
36 341
39 345
6 346
43 347
83 348
84 348
48 353
25 353
33 353
68 355
16 356
16 359
68 359
54 360
13 360
37 362
35 363
82 364
35 366
26 366
44 366
26 368
98 370
37 372
51 373
24 373
39 381
63 384
94 385
62 385
17 387
99 388
77 389
52 390
67 390
68 392
15 394
89 395
32 397
29 401
95 402
75 402
65 402
53 404
49 405
78 406
28 406
39 406
86 406
37 409
45 410
65 414
2 414
21 415
44 415
65 417
39 418
11 419
70 419
3 420
65 423
96 424
77 424
54 424
62 425
18 425
87 426
38 433
17 433
29 434
58 437
57 438
100 440
13 445
58 446
41 448
46 449
