200
21 170
77 172
92 173
17 174
95 174
67 177
67 178
100 182
33 182
29 183
65 183
6 184
44 185
22 186
86 186
70 187
84 190
8 194
55 195
13 195
80 196
48 197
7 198
84 199
12 200
20 201
21 202
80 204
32 206
8 206
7 208
72 210
3 211
97 213
26 213
40 214
10 219
12 221
86 223
96 228
6 231
91 233
5 235
99 236
9 236
46 237
1 237
54 237
44 237
22 240
50 243
36 243
21 243
24 244
30 245
78 248
95 248
10 251
48 253
39 253
44 254
8 255
92 256
49 257
59 260
52 260
13 261
12 261
97 263
21 263
25 266
91 267
56 271
76 274
3 275
93 277
15 277
81 280
86 283
94 285
57 285
98 285
2 288
17 289
90 292
83 293
33 294
36 295
39 297
4 297
87 298
29 298
70 300
26 301
63 302
9 303
4 304
100 306
32 309
28 311
54 311
100 313
32 313
54 314
56 315
35 319
67 321
92 322
96 323
29 324
15 325
79 327
20 328
11 329
1 330
51 330
71 331
43 333
18 336
72 336
25 337
66 337
46 339
31 341
35 345
9 346
39 347
85 348
86 348
44 353
22 353
28 353
62 355
17 356
19 359
63 359
52 360
14 360
35 362
29 363
83 364
30 366
23 366
40 366
23 368
99 370
33 372
47 373
22 373
36 381
55 384
94 385
55 385
20 387
99 388
76 389
50 390
61 390
62 392
17 394
89 395
26 397
25 401
95 402
73 402
56 402
50 404
44 405
78 406
25 406
36 406
86 406
32 409
41 410
60 414
3 414
21 415
40 415
58 417
36 418
12 419
66 419
4 420
60 423
96 424
76 424
51 424
55 425
20 425
87 426
35 433
20 433
25 434
53 437
53 438
100 440
15 445
53 446
39 448
41 449
