200
24 170
79 172
89 173
19 174
91 174
73 177
73 178
98 182
46 182
39 183
71 183
10 184
57 185
31 186
83 186
74 187
81 190
12 194
65 195
17 195
80 196
59 197
10 198
81 199
15 200
23 201
25 202
80 204
43 206
12 206
10 208
75 210
5 211
98 213
36 213
55 214
14 219
15 221
82 223
91 228
10 231
87 233
10 235
98 236
12 236
58 237
4 237
64 237
56 237
26 240
61 243
51 243
25 243
33 244
42 245
79 248
90 248
13 251
59 253
53 253
58 254
12 255
88 256
59 257
69 260
63 260
17 261
17 261
98 263
26 263
35 266
87 267
68 271
77 274
8 275
90 277
18 277
80 280
84 283
90 285
69 285
98 285
4 288
20 289
87 292
81 293
48 294
50 295
52 297
10 297
85 298
40 298
73 300
36 301
71 302
13 303
10 304
99 306
46 309
39 311
65 311
99 313
46 313
64 314
68 315
49 319
73 321
88 322
95 323
39 324
17 325
80 327
24 328
14 329
1 330
61 330
74 331
55 333
21 336
76 336
36 337
73 337
58 339
42 341
50 345
12 346
53 347
81 348
83 348
56 353
29 353
39 353
70 355
20 356
21 359
71 359
62 360
17 360
48 362
39 363
80 364
42 366
31 366
54 366
32 368
98 370
48 372
58 373
27 373
50 381
67 384
90 385
66 385
22 387
98 388
78 389
61 390
70 390
70 392
19 394
85 395
38 397
35 401
90 402
77 402
68 402
61 404
56 405
79 406
34 406
51 406
84 406
46 409
55 410
69 414
4 414
26 415
54 415
69 417
50 418
14 419
72 419
9 420
69 423
96 424
79 424
61 424
67 425
24 425
85 426
49 433
22 433
34 434
64 437
63 438
100 440
18 445
63 446
52 448
55 449
