200
23 170
78 172
90 173
16 174
94 174
76 177
76 178
100 182
38 182
33 183
74 183
6 184
53 185
26 186
87 186
77 187
84 190
9 194
65 195
15 195
82 196
57 197
7 198
84 199
13 200
22 201
25 202
81 204
37 206
9 206
8 208
77 210
3 211
97 213
31 213
48 214
12 219
13 221
85 223
95 228
7 231
89 233
6 235
99 236
10 236
54 237
2 237
63 237
52 237
26 240
60 243
46 243
24 243
27 244
35 245
78 248
94 248
11 251
58 253
47 253
54 254
9 255
89 256
59 257
67 260
61 260
14 261
14 261
96 263
25 263
29 266
89 267
66 271
78 274
5 275
90 277
16 277
82 280
88 283
91 285
67 285
98 285
3 288
20 289
88 292
83 293
39 294
45 295
47 297
6 297
88 298
34 298
76 300
31 301
74 302
10 303
5 304
100 306
37 309
31 311
65 311
100 313
38 313
63 314
66 315
42 319
75 321
89 322
95 323
34 324
15 325
80 327
22 328
12 329
1 330
61 330
77 331
50 333
21 336
78 336
31 337
75 337
54 339
36 341
45 345
10 346
47 347
84 348
85 348
51 353
26 353
33 353
74 355
20 356
21 359
74 359
61 360
15 360
39 362
34 363
83 364
36 366
26 366
48 366
26 368
98 370
39 372
56 373
26 373
45 381
66 384
93 385
65 385
21 387
99 388
78 389
60 390
73 390
73 392
19 394
88 395
31 397
28 401
94 402
78 402
66 402
61 404
52 405
80 406
27 406
46 406
88 406
37 409
49 410
72 414
3 414
25 415
48 415
67 417
46 418
12 419
74 419
5 420
70 423
96 424
78 424
61 424
66 425
22 425
88 426
42 433
21 433
28 434
63 437
62 438
100 440
16 445
62 446
47 448
50 449
